fe = [  100 3; 50 3
        300 3
         80 3
         70 3
        100 3
       1000 3
         40 3
        200 3
         20 1
       1100 3
         10 3
        500 3
         10 1
         10 3
         10 2
         20 1
        200 1
       1000 3
        120 3
        300 3
         50 3
         10 3
         30 3
        110 3
        230 3
         40 3
        180 1
         20 3
        150 3
         60 3
        100 1
        400 3
         80 2
         40 1];